1.082579368111317025e-01
1.036516620075955269e-01
1.016796871544400904e-01
1.004351058506848943e-01
9.956730945494592089e-02
9.893944066021113926e-02
9.847436953158161810e-02
9.811946664404566643e-02
9.784084928429220840e-02
9.761673316026264757e-02
9.743271507522346941e-02
9.727911143105934244e-02
9.714826734800136032e-02
9.703595554489018171e-02
9.693893441680818956e-02
9.685450183002276836e-02
9.678059044737022387e-02
9.671531259962908023e-02
9.665775261130908624e-02
9.660692476973921361e-02
