1.748381752984190518e-01
1.104785966161103833e-01
1.090587370720958182e-01
1.079347139524873406e-01
1.070174290813955403e-01
1.062504637929130025e-01
1.055969705339943332e-01
1.050320611581923441e-01
1.045383289922734993e-01
1.041031698862166233e-01
1.037171498200101655e-01
1.033729901306254667e-01
1.030649228228949221e-01
1.027882712761462730e-01
1.025391706402960373e-01
1.023143764411318102e-01
1.021111300169099956e-01
1.019270613629493505e-01
1.017601171616332456e-01
1.016085061704930931e-01
