1.149481518153668974e-01
7.895695756906638552e-02
7.889567276197069490e-02
7.885636458481953825e-02
7.882933515669468538e-02
7.880983204872278602e-02
7.879524033291365748e-02
7.878400930563426996e-02
7.877516965401787363e-02
7.876808886786887398e-02
7.876233790165695914e-02
7.875761512573579981e-02
7.875370152752333985e-02
7.875043355941249712e-02
7.874768620025049404e-02
7.874536205907783915e-02
7.874338413570046435e-02
7.874169085088153497e-02
7.874023252514511517e-02
7.873896881056020869e-02
